[main] 
file = system.mfsys
heatup = 10000
calculate = 100000
range = 5
seed = 123
temperature = 1.0, 1.022606944923386, 1.0457249638055415, 1.0693656104673033, 1.0935406999261008, 1.1182623143008115, 1.1435428088501083, 1.169394818147317, 1.1958312623948666, 1.2228653538814906, 1.2505106035854068, 1.2787808279267725, 1.3076901556727951, 1.3372530349989444, 1.3674842407097967, 1.3983988816231214, 1.4300124081209002, 1.4623406198710482, 1.4953996737237034, 1.5292060917860248, 1.5637767696795382, 1.5991289849841543, 1.6352804058730817, 1.6722490999429471, 1.7100535432435393, 1.7487126295116875, 1.7882456796138881, 1.8286724512024026, 1.870013148589649, 1.9122884328458232, 1.955519432124797, 1.9997277522234538, 2.0449354873797363, 2.091165231314808, 2.138440088524842, 2.186783685828084, 2.236220184172959, 2.2867742907131214, 2.3384712711554885, 2.3913369623874217, 2.4453977853893716, 2.50068075843944, 2.557213510616452, 2.6150242956082974, 2.674142005832431, 2.734596186875598, 2.7964170522599963, 2.8596354985432564, 2.9242831207597835, 2.9903922282111877, 3.0579958606136803, 3.1271278046105166, 3.1978226106577368, 3.270115610291635, 3.3440429337866036, 3.4196415282121557, 3.4969491758981723, 3.576004513317583, 3.656847050395934, 3.739517190257482, 3.824056249417689, 3.9105064784322052, 3.998911083012667, 4.089314245619853, 4.181761147544999, 4.276297991490305, 4.372972024659914, 4.471831562372909, 4.572926012210133, 4.676305898706888, 4.78202288860386, 4.8901298166689005, 5.000680712102542, 5.113730825540484, 5.2293366566665, 5.347555982449604, 5.468447886019566, 5.592072786195218, 5.7184924676803, 5.847770111941948, 5.979970328787243, 6.115159188653622, 6.2534042556292535, 6.394774621219932, 6.539340938879319, 6.687175459319809, 6.838352066621671, 6.992946315158512, 7.151035467357496, 7.312698532313228, 7.4780163052745605, 7.647071408024086, 7.8199483301704875, 7.996733471374378, 8.177515184528737, 8.362383819915532, 8.551431770360578, 8.744753517409215, 8.942445678545873, 9.144607055481133, 9.351338683530402, 9.562743882108906, 9.77892830636819, 10.0
field = 0.0|0.0 ; add external field
boundaries = periodic ; open or periodic boundary conditions
size = 32|32 ; set rectangle of the lattice to translate it over the space 

[magnetisation:mAll]  ; get the magnetisation along selected axis
axis = 1|0, 0|1, 1|1 ; this will create two parameters with different basic axis
module = 1

[magnetisationlength:ml]